0.0
0.0
0.0
0.0
0.0
0.0
0.0
0.0
0.0
0.0
0.0
0.0
0.0
0.0
0.0
0.0
0.0
0.0
0.0
0.0
0.0
0.00046825467302320746
0.0027162443621016807
0.014916903312696244
0.04197819340326342
0.09273452493449798
0.18190690426953204
0.3017556675740604
0.4350411460145887
0.5884188222942691
0.7345165296233539
0.8707688133608279
0.9937596976848927
1.088921882505112
1.1670586943168368
1.217460488782115
1.2539629512900072
1.2668020455969815
1.2708687293238157
1.2684248590668803
1.2522032443770934
1.232467786342279
1.205603650303418
1.1745832455944203
1.1443692495950193
1.1238087937706402
1.0974267891002558
1.0675968976451058
1.0531364961324807
1.0287609237752608
1.0060901484044744
0.9929612241401292
0.9756953005050072
0.9615410736037352
0.951895788379547
0.9536823570900497
0.9487045551934099
0.9458769013195043
0.9436315062028454
0.9490862973471959
0.945461890691573
0.9515405808551273
0.955363986024872
0.965129626408972
