0.0
0.0
0.0
0.0
0.0
0.0
0.0
0.0
0.0
0.0
0.0
0.0
0.0
0.0
0.0
0.0
0.0
0.0
0.0
0.0
0.00024237754569616415
0.0004407102804924305
0.003873163257070915
0.012772742558321051
0.036399484527539175
0.09011070180501682
0.1756880197719292
0.29436456463007715
0.4276580025788206
0.583795510646624
0.7496407402864268
0.8720776612677362
1.0001726059717482
1.112350170853324
1.1641597410160744
1.2228353226468172
1.2569256404164317
1.2791881198881652
1.2739868669843915
1.2556373803512897
1.2427252655072771
1.2320537848064672
1.2078170605016012
1.1708084410781225
1.1501045338970204
1.1162071800655677
1.0938701389209515
1.0594368782248862
1.0375041619622387
1.0180823919338946
1.0066792760048224
0.9886742869605704
0.9815065852116805
0.9702732571178068
0.9549178702886061
0.9505697870805194
0.9473085685361704
0.9490116218924024
0.9466822956737574
0.9533948658793411
0.9450340279390221
0.9549002029468603
0.9581149983148086
0.961943567259272
