0.0
0.0
0.0
0.0
0.0
0.0
0.0
0.0
0.0
0.0
0.0
0.0
0.0
0.0
0.0
0.0
0.0
0.0
0.0
0.0
0.0
0.0005508878506155382
0.00402406572163212
0.012911075510216224
0.04615692210485154
0.0938702095726316
0.18185251169375125
0.2957451351116412
0.4425496931605184
0.5852000610205922
0.7334078770770109
0.8650201480442106
0.9899505265972117
1.08214866790759
1.1583190454359409
1.2164501816646898
1.236817582603538
1.2617679393792196
1.2717019506821512
1.2617414225205696
1.241157246070993
1.2351735820941911
1.2075209992649016
1.1784657094195605
1.1586946009681791
1.1373391741518375
1.108367610347188
1.0809260579981892
1.0499212584257203
1.0179680718849846
1.0054411095227351
0.9973825781629442
0.9803240026322622
0.9654067218328377
0.9610906333368971
0.9439974280962522
0.9465507472079546
0.9459770275294495
0.9436091833530583
0.9434901933104529
0.956791557236761
0.9544625768226866
0.9538515811640538
0.9580596695842165
