0.0
0.0
0.0
0.0
0.0
0.0
0.0
0.0
0.0
0.0
0.0
0.0
0.0
0.0
0.0
0.0
0.0
0.0
0.0
0.0
5.302008812103591e-5
0.0004613685748905132
0.003300991412276348
0.013850586808504279
0.04058881913953742
0.09637165289196904
0.18248709174452707
0.29949540431613386
0.4402297245225276
0.5873434634141997
0.7393241124246248
0.8797318551547055
0.9978943359224706
1.0918745275620718
1.1669650934261295
1.218738527285658
1.252601069998022
1.2641604979548375
1.2689424418020963
1.2611171454805297
1.2491448302290937
1.2257827704716053
1.2042960465079946
1.1733670318398377
1.1486160604486872
1.123432095680482
1.0932562634554013
1.0690048678009458
1.0475761376572794
1.0266602928765396
1.006691757521779
0.9886010777870113
0.9779022490492149
0.9658037403649982
0.956661461517698
0.9483169973657862
0.9467372111400287
0.942418696068322
0.946157708703759
0.9466119274389188
0.948597811597464
0.9535124231800096
0.9594913193330855
0.965213303879207
