0.0
0.0
0.0
0.0
0.0
0.0
0.0
0.0
0.0
0.0
0.0
0.0
0.0
0.0
0.0
0.0
0.0
0.0
0.0
0.0
9.089157963606155e-5
0.0008125595796579188
0.003835437640930614
0.012945658748190017
0.03954943991934545
0.0945163749701904
0.1826865311890566
0.29655327393011777
0.437400303312005
0.5848416080605691
0.7349818899514484
0.8739703579958636
0.9969661518283205
1.0880085763491647
1.1649513371203417
1.221542129536513
1.2529690168734005
1.2704237047464504
1.2697305661281508
1.271219824899739
1.246167922041891
1.2278915907946462
1.208472624668579
1.1746067960682296
1.1496544555325137
1.1181752353937418
1.09469452803536
1.0667842816032582
1.0452932647568987
1.022696764817171
1.0082045173769099
0.9910241814167787
0.9744341870511742
0.9651487153917698
0.9551707821079458
0.9474117479207834
0.9487584003930464
0.9435701474826912
0.9444574516449704
0.9464662704893763
0.9497648681298283
0.9535957404613427
0.9603999030722086
0.9659585070103558
