0.0
0.0
0.0
0.0
0.0
0.0
0.0
0.0
0.0
0.0
0.0
0.0
0.0
0.0
0.0
0.0
0.0
0.0
0.0
0.0
7.5742983030051296e-6
0.0003718492991654883
0.0031123633315748426
0.013297255000923585
0.041262294450580175
0.09456532689424788
0.179404845783616
0.2951895396739386
0.4351547931269227
0.5881591267824157
0.7395123096161336
0.8723567538361211
0.9940218795556429
1.0906435496997082
1.1687354874160785
1.2216482117838425
1.25145183332882
1.2713992891798385
1.2739396224743826
1.2633980008098262
1.2487625284605939
1.2278398406026696
1.202503818664402
1.176384856840835
1.1499952291513544
1.1212933730543178
1.092364156663738
1.0691699304344462
1.0492771283127498
1.022242082804461
1.0039458237913435
0.9898972402041232
0.9752298895875212
0.965195423454377
0.9576752521155597
0.9524536566447205
0.9469635604051668
0.945326207164806
0.9436277857278809
0.9470992488380053
0.9498805302153756
0.9542218824543911
0.9594929490797027
0.9650198984055507
