0.0
0.0
0.0
0.0
0.0
0.0
0.0
0.0
0.0
0.0
0.0
0.0
0.0
0.0
0.0
0.0
0.0
0.0
0.0
0.0
0.0
0.0006610654207386458
0.0031186509342648926
0.015216624708469122
0.03894490302596849
0.09900037121385595
0.18663905836246017
0.30783354493801934
0.4386621781455068
0.587453193912166
0.7354609373480163
0.8742847381303661
0.9827179232661717
1.0943563377684502
1.1644378693770332
1.2198044012945415
1.2472730081013068
1.2668020455969815
1.2719081085440076
1.2641569258388945
1.2508913865318856
1.2213932452593161
1.2041374422740483
1.1768777346141306
1.1519048473550477
1.12403019999506
1.102502670647541
1.0731949192667225
1.0493907983326858
1.0195373743745673
1.0052913313192569
0.9805132643343105
0.9718057124898888
0.9624263025998128
0.9553979740812509
0.9536286208216249
0.9456732698805469
0.9403083436433243
0.9428427655103657
0.9465328051453401
0.9527564288387205
0.9577750699472009
0.955064112647296
0.96431179754894
