0.0
0.0
0.0
0.0
0.0
0.0
0.0
0.0
0.0
0.0
0.0
0.0
0.0
0.0
0.0
0.0
0.0
0.0
0.0
0.00013393709872296255
6.0594386424041037e-5
0.000881420560984861
0.004124667364672922
0.012588298622460819
0.03953883400893533
0.09430098650433746
0.18787195674682458
0.2983042413701502
0.4489766333063038
0.5969339089364508
0.73811622863185
0.8865776429815255
1.0020771915155886
1.0992121767093872
1.1683102719411511
1.225987480853184
1.2428576455967646
1.2618041559707145
1.2669087803939934
1.261561891868532
1.2450540072443328
1.231255353273116
1.20519480383369
1.174953324468567
1.1477769857834281
1.1189993585624147
1.1015251806975996
1.0677210473181658
1.0418560998683588
1.0226655866220138
1.0080971763310838
0.9946462352823747
0.9769055998636308
0.9621949864802347
0.9559123710019419
0.9553977841205346
0.9418522549730168
0.93874483436495
0.9365477218703865
0.9407568777141003
0.9491943844597606
0.9537152460567901
0.9599859474314242
0.9578891570033604
