0.0
0.0
0.0
0.0
0.0
0.0
0.0
0.0
0.0
0.0
0.0
0.0
0.0
0.0
0.0
0.0
0.0
0.0
0.0
0.0
3.0297193212020518e-5
0.00041316588796165365
0.0028168460051424837
0.013395240841849333
0.041161538301684016
0.09486882882340428
0.18081905275391638
0.29462552612354354
0.43610707755096284
0.5861071664704466
0.7336200266383482
0.8693508947950104
0.9918189491243969
1.0870498885208721
1.169342556050094
1.225300472013335
1.2515736858654714
1.268581185654158
1.274562391015407
1.2632184701577884
1.249319485859373
1.231462354041022
1.209202204144732
1.1802420880154654
1.150856807734839
1.1241193775021179
1.0963315292768276
1.0685957381965434
1.0463244142234607
1.0258067897841092
1.0057930883009092
0.9887630980891503
0.9758870082278426
0.9625441848530593
0.9569754579713697
0.9507578640200063
0.944414887622378
0.9427556592748682
0.9438565949381993
0.9458009239297378
0.9483021340855387
0.952124643413159
0.9570279573210955
0.9601168722958414
