0.0
0.0
0.0
0.0
0.0
0.0
0.0
0.0
0.0
0.0
0.0
0.0
0.0
0.0
0.0
0.0
0.0
0.0
0.0
0.0
6.0594386424041037e-5
0.0006610654207386458
0.0026659435405812794
0.014617181916923369
0.03828733658054092
0.09907869429234792
0.18290410149217973
0.3056111631872089
0.44621775168274713
0.5935103173999036
0.7429888250083694
0.8786347326445029
0.9906014608970053
1.0970905835272489
1.1639137043890726
1.2252095443727666
1.2484389696284803
1.2743441507757505
1.2661872278774964
1.2585751546573603
1.2436489997296425
1.2295032396304846
1.19763114414372
1.169476157131194
1.1369943941080292
1.1192453654784364
1.0909906655141972
1.065407348865683
1.0512636472325831
1.0209455895225041
1.0040731352643
0.9886310815466667
0.976489848175554
0.9615766606990549
0.9545449325211052
0.9525125598620323
0.9491393053238074
0.9436933797410851
0.9447216053674518
0.9502803246866551
0.948516065461814
0.9551156496541457
0.9620883205676909
0.9665189881789106
