0.0
0.0
0.0
0.0
0.0
0.0
0.0
0.0
0.0
0.0
0.0
0.0
0.0
0.0
0.0
0.0
0.0
0.0
0.0
0.0
0.0
0.0003856214954308767
0.003923464078591316
0.014755514868818542
0.04119335603291438
0.09958779430254576
0.18406447644216978
0.2992470699917062
0.43954000411663846
0.5940662852562659
0.740935764737364
0.883164372949784
1.005380080370097
1.0917242007724284
1.1709631886149114
1.2105499880989263
1.247884660049988
1.2636874187284381
1.2655172148264635
1.264891369415412
1.236903411164638
1.2234336814001023
1.1970178744391278
1.1729616272549768
1.1347632913582597
1.1164900880189927
1.0899130711717921
1.0716261188526
1.045959046302238
1.0269369993585602
1.0100243225491714
0.991170599763897
0.9794370656976983
0.9643391089732467
0.9617764958978183
0.9556375305488914
0.9532594602293174
0.9450065734945965
0.9503060382892063
0.9473527998242459
0.9456671256704389
0.9557754551952076
0.9668634781562657
0.9618551533284577
