0.0
0.0
0.0
0.0
0.0
0.0
0.0
0.0
0.0
0.0
0.0
0.0
0.0
0.0
0.0
0.0
0.0
0.0
0.0
0.0
0.0
0.0005233434580847612
0.003131226139644993
0.013475935063788184
0.0418721342991622
0.0966408884742852
0.17943204207150643
0.296031350943185
0.43769029939175386
0.5899989414649832
0.746273721441978
0.878159954482193
0.9947662349817958
1.0849736770110792
1.166571969685159
1.22246150901337
1.2498534147598057
1.272234534321185
1.2695201133108391
1.2643242157646568
1.2459350478681854
1.2254667246563204
1.2004648731235597
1.1767835327188931
1.147886290529094
1.1206230042081584
1.097070535232958
1.0689456145478944
1.0492744218837038
1.0264511391506927
1.0061250966519528
0.9884918641018657
0.973138427623335
0.9649507621740541
0.9575048581355808
0.9542445211289555
0.9415770461748753
0.9445868136144419
0.9444462902200768
0.9489370439297634
0.9497196468632986
0.953523363833114
0.9573408686716096
0.9659095635843693
