0.0
0.0
0.0
0.0
0.0
0.0
0.0
0.0
0.0
0.0
0.0
0.0
0.0
0.0
0.0
0.0
0.0
0.0
0.0
0.0
3.0297193212020518e-5
0.0006886098132694227
0.003294703809586298
0.013349129857884275
0.04172365155342049
0.09825630196818219
0.18098223048125872
0.29695734333935603
0.4422675348126547
0.59564640442698
0.7425508388172216
0.8747210207660022
0.9904447544914994
1.0876398502613598
1.1582655592126796
1.2128332821843073
1.2533226281562317
1.2693281528537361
1.2762803731975423
1.2628675693378968
1.2484772575978045
1.2323199286509177
1.2065059321676457
1.1782436620950725
1.1461438442893606
1.1210043149279922
1.0994700964052533
1.0739172446372536
1.0437884902072703
1.0246973656730962
1.0041130761185608
0.9874741365743557
0.9726972688876535
0.9627955187137547
0.9541119817795237
0.9501398969331207
0.946315423742877
0.9422145926403568
0.9385604988261955
0.9470147318425918
0.9442965734386907
0.9530453414513244
0.956618890920163
0.96673686536556
