0.0
0.0
0.0
0.0
0.0
0.0
0.0
0.0
0.0
0.0
0.0
0.0
0.0
0.0
0.0
0.0
0.0
0.0
0.0
0.0
4.544578981803078e-5
0.0005577739487482324
0.0038102872301704134
0.013614268015683358
0.03979337585877826
0.09553457499058607
0.18028419242540536
0.29887246397689154
0.4405628281276445
0.5907963164168714
0.7369699366472053
0.877120575262001
0.9921805792909489
1.094478301012878
1.1679224968225068
1.2116689032314747
1.2546582275285472
1.2697197447492723
1.2727520672909816
1.2634490038359731
1.2502548637904236
1.2256164305688237
1.2006076169341113
1.176288972768897
1.1463415572851974
1.1232352901476645
1.0961504580963415
1.0695268607444937
1.04667489678493
1.023016341317533
1.0062474155181267
0.9887883012472608
0.9746178107134083
0.9652065444216644
0.9539640926648251
0.9518294892191705
0.9470692565377864
0.9466182203739059
0.9444035047579847
0.9461740574733188
0.9516250275357354
0.9526893494310831
0.9594994680661718
0.964973323209854
