0.0
0.0
0.0
0.0
0.0
0.0
0.0
0.0
0.0
0.0
0.0
0.0
0.0
0.0
0.0
0.0
0.0
0.0
0.0
0.0
6.0594386424041037e-5
0.0003305327103693229
0.0027665451836220824
0.012634409606425876
0.042338794357207575
0.09594577115266893
0.18823457391869647
0.3003919333178813
0.43722003547864763
0.5864583040639386
0.7418938595304998
0.8750289849793925
0.991638134041121
1.0830336105183216
1.173787261203108
1.2154398745472645
1.242073966537517
1.2674177276523912
1.2758594675629191
1.271321830952033
1.2493854668752562
1.225178402158166
1.2013178114483372
1.1773622015039227
1.161163602282045
1.1269330816041168
1.0980980773791311
1.0614232729938469
1.0503001584921736
1.0236528961353275
1.0088560525620405
0.9928796139138667
0.976646909924383
0.9552021222499135
0.9554579870553316
0.9525704296895667
0.942434580835751
0.9482876323743374
0.9433264272557542
0.9508557595490451
0.9509823637671682
0.9532641545134112
0.9576586692619755
0.9599542538159509
