0.0
0.0
0.0
0.0
0.0
0.0
0.0
0.0
0.0
0.0
0.0
0.0
0.0
0.0
0.0
0.0
0.0
0.0
0.0
0.0
0.0
0.00011017757012310763
0.0029677484697036884
0.013833295189517383
0.04064184869158803
0.10029270200897353
0.1772110118937911
0.3002909159655717
0.43994756617466385
0.5828591437306453
0.7448776404576943
0.8744643839215104
0.9987743026610805
1.0900223880594833
1.165293648949214
1.2119644180633216
1.2538291524262333
1.2684317922142425
1.2735917310825002
1.268220846962292
1.2448366580155408
1.220373027188923
1.2010640446740233
1.1744957724059855
1.155466896125573
1.1217546360218584
1.0906785753494568
1.071806700195233
1.037623244840267
1.02190691720652
1.007647841720649
0.9971905541011499
0.9769702723484427
0.9627465864576901
0.9509141475892284
0.9509252731639452
0.9468778069390793
0.9489654097955046
0.9471064298197134
0.9471729764297491
0.9525268439471077
0.9571691260829605
0.9607356308753643
0.96794939927387
