0.0
0.0
0.0
0.0
0.0
0.0
0.0
0.0
0.0
0.0
0.0
0.0
0.0
0.0
0.0
0.0
0.0
0.0
0.0
0.0
1.5148596606010259e-5
0.0005508878506155382
0.003458181479527603
0.014294405029167963
0.03985701132123899
0.09662130770466222
0.18258681146679184
0.29664587316973484
0.4347041235435292
0.588923582584914
0.7377740519200158
0.8762351781485042
0.9948325338456636
1.0945605552940036
1.16347511735833
1.214101217616676
1.251540236149528
1.2684499005099898
1.268820035571619
1.259052542982097
1.2490749679769821
1.2276845900267404
1.2059243833098428
1.1801041495260107
1.1464588991445153
1.1182767132466007
1.0951302765672615
1.0659998813961968
1.0454827147901253
1.0232189995860554
1.006422156755518
0.9925363709034093
0.9770187767120516
0.9657025395626827
0.9625866710479065
0.9531615286422398
0.9477413243999147
0.9466548049506166
0.9472143235936846
0.9463367976453385
0.9495457189151072
0.9533247488998352
0.9595133209124186
0.9669705307541406
