0.0
0.0
0.0
0.0
0.0
0.0
0.0
0.0
0.0
0.0
0.0
0.0
0.0
0.0
0.0
0.0
0.0
0.0
0.0
0.0
6.0594386424041037e-5
0.0006610654207386458
0.003671959970989309
0.013602740269692094
0.04055700140830705
0.09927450198857786
0.17829886340940676
0.3034561263379381
0.436875175275703
0.5781480476846272
0.7358441752652707
0.8782369455355405
0.9998833018385066
1.0837143356034997
1.1624695763610176
1.227300880105837
1.2591811069771937
1.265407706824436
1.2734714723297509
1.2633408774205415
1.2528785794808397
1.2241138267803644
1.1941700473051595
1.1700682833298288
1.1524192226287697
1.1200325876097061
1.0920211519072074
1.0666939909319417
1.0561460452317377
1.0215119934011947
1.0067791281404748
0.9856019019718608
0.9715470225506411
0.963582883197703
0.9599675333933886
0.9483459322795534
0.9490635231909859
0.9461156638201428
0.947329658317585
0.9488489304664599
0.9481577738885397
0.9470296654213376
0.9598946816208576
0.9705070879867115
