0.0
0.0
0.0
0.0
0.0
0.0
0.0
0.0
0.0
0.0
0.0
0.0
0.0
0.0
0.0
0.0
0.0
0.0
0.0
0.0
0.00012876307115108722
0.00039939369169626515
0.003156376550405194
0.013729545475596003
0.04088048167581578
0.09571080191719301
0.18219246529238114
0.3018145943629077
0.43826245381936646
0.5883749300950826
0.7369802019485603
0.8747242287265584
0.9934191626113896
1.0898777339788828
1.1639217273225617
1.2206202242918625
1.2507685034174028
1.271028069117018
1.2732674619456221
1.2672191475287637
1.2450617697167896
1.2291298989597972
1.2067667480190238
1.1761510342794423
1.145770922215912
1.1225987472524581
1.0940585707185306
1.0691671088509676
1.0449630804132752
1.0267759120169144
1.005750651143257
0.9891651484685322
0.975033562401485
0.9639799017298635
0.9557376903809572
0.9495332971337866
0.9457869430797792
0.9461426208766665
0.9458442586879977
0.9490800035283884
0.9485056297849226
0.9552982744021182
0.9592607101867431
0.963769472812606
