0.0
0.0
0.0
0.0
0.0
0.0
0.0
0.0
0.0
0.0
0.0
0.0
0.0
0.0
0.0
0.0
0.0
0.0
0.0
0.0
6.0594386424041037e-5
0.0005233434580847612
0.003772561614030112
0.012934131002198753
0.04327211447329832
0.0948296672841583
0.18089157618829077
0.297664464805523
0.4345238557101718
0.5944320535828201
0.7399366087388081
0.8674453662246585
1.0022097892433244
1.093709648937531
1.1642132272393357
1.2165512123764322
1.2486301108624434
1.2754759192599594
1.2683862450706298
1.2621739281822968
1.2499210774747789
1.22474222196865
1.2059913495419534
1.1746639900760523
1.1492043771680067
1.1168406478743238
1.0957426799093932
1.0747467901799732
1.049136394002353
1.0219692735968346
1.0065394830149095
0.993681314371858
0.9716671285938632
0.966207431477531
0.9499239335168984
0.9516610466854543
0.9450351045515231
0.9437357408299081
0.9448108967666005
0.9456121093655161
0.9512015129818893
0.9484401680830972
0.9579585426395515
0.9663295297557372
