0.0
0.0
0.0
0.0
0.0
0.0
0.0
0.0
0.0
0.0
0.0
0.0
0.0
0.0
0.0
0.0
0.0
0.0
0.0
0.0
2.272289490901539e-5
0.0005164573599520671
0.0036153715467788575
0.01379871195154359
0.040477457080231136
0.09700313271231059
0.18211994185800678
0.2960229328304925
0.4414132220371783
0.5898928686502826
0.7382633646179387
0.8727160454184097
0.994925954972023
1.0914604198019218
1.168502822344892
1.2193144023425904
1.2563187669985996
1.2692715644295256
1.2713733865898178
1.2630307790215674
1.242713621798592
1.2302499209718591
1.2053622194139666
1.1744823149923802
1.147789845165271
1.118212136431145
1.0940409052375075
1.0667137420162922
1.0463108820782303
1.026208209046759
1.0054186427922134
0.9887546970364468
0.9736765950862344
0.9647405758923221
0.9558427130855983
0.9529352162809891
0.9461698422771935
0.9447215988970603
0.9442993314589779
0.9463125214870814
0.9501649024106685
0.9535755423325347
0.9576505205288892
0.9660824443955152
