0.0
0.0
0.0
0.0
0.0
0.0
0.0
0.0
0.0
0.0
0.0
0.0
0.0
0.0
0.0
0.0
0.0
0.0
0.0
0.0
0.0
0.0003856214954308767
0.003772561614030112
0.01346440731779692
0.04382362181462467
0.09856959428215008
0.1817074648250025
0.30348979878870797
0.44703287579879797
0.594592991646504
0.7422497233108074
0.8818555250428756
0.999618106383035
1.0850984766100285
1.1625337598289311
1.219137598597041
1.256600700318695
1.2665485294565186
1.2626481845822972
1.2594891288859156
1.2460476037188097
1.2245869713927207
1.2041233441199197
1.1758145989393087
1.1397398721315206
1.1246698179767165
1.0990755673290722
1.0637821167819879
1.0436315173225967
1.0310940920461968
1.0055110060176917
0.9911513973577175
0.9733393742725721
0.9695259281160931
0.9565553671528055
0.9523224161429906
0.9463592976092474
0.9491194501184972
0.9510575742320408
0.9473527998242459
0.9473507482089316
0.9509615678292976
0.9622480357361826
0.9641412849680839
