0.0
0.0
0.0
0.0
0.0
0.0
0.0
0.0
0.0
0.0
0.0
0.0
0.0
0.0
0.0
0.0
0.0
0.0
0.0
0.0
0.0001817831592721231
0.000605976635677092
0.0028671468266628854
0.014248294045202904
0.04068427233322852
0.0954366711424711
0.1759418517922395
0.29426354727776755
0.444775609015888
0.5898233726682373
0.7348039580612946
0.8794688023891014
0.9913247212301093
1.085643056678171
1.1631969889973712
1.2157429666824922
1.2507135503126385
1.2618946974494512
1.2753956123737427
1.270146721229605
1.2455042306468302
1.2215411029506775
1.2015715782226513
1.1765547566876025
1.157935897439439
1.123501285125613
1.0925040083885036
1.0830478887741246
1.0496614412372953
1.020410363838971
1.0073482853136924
0.9917082671369212
0.9816082134020994
0.9668568959671155
0.9577813464804522
0.9494950617120228
0.9478589861324535
0.9434045541354742
0.9431031987578826
0.9444180820260568
0.9484708441952843
0.9518637509160556
0.9578672768289849
0.9625245730903372
