0.0
0.0
0.0
0.0
0.0
0.0
0.0
0.0
0.0
0.0
0.0
0.0
0.0
0.0
0.0
0.0
0.0
0.0
0.0
0.0
0.0
0.0003305327103693229
0.003332429425726599
0.013406768587840597
0.04138426242029658
0.09490799036265027
0.18252335346171425
0.2969236708885862
0.4419461878053654
0.589713642170271
0.7418938595304998
0.8769730090764182
0.9912282865190287
1.092007836224586
1.167721923485277
1.2192891446646548
1.252008532172737
1.2735066420974357
1.2690176035225647
1.2585914756257275
1.2471770434612817
1.232116624325296
1.205522585917179
1.1715687849468241
1.1469314814272473
1.120675280677813
1.0976770500814155
1.073968033139869
1.044324363158397
1.0233541050984036
1.003541422641952
0.9900184553931308
0.9755336192929773
0.9644036105835136
0.9542105745226561
0.950106828460244
0.9420895727047475
0.9473845709807938
0.9449429736278411
0.9474445097554394
0.9485508510514523
0.9518267210132408
0.9576635585018273
0.9656822134765612
