0.0
0.0
0.0
0.0
0.0
0.0
0.0
0.0
0.0
0.0
0.0
0.0
0.0
0.0
0.0
0.0
0.0
0.0
0.0
0.0
0.0
0.0003580771029000998
0.00369711038174951
0.014271349537185434
0.03896611484678873
0.0911093210557895
0.18159867967344093
0.2944150733062319
0.4343514256086995
0.585097645889157
0.7426740224334819
0.8700758938806998
1.0006186165104956
1.0907371493989202
1.1653043461938664
1.2208652237678381
1.2548422009662366
1.2664398796820346
1.270404874134639
1.2678699461424003
1.2438275365961502
1.2234262885155343
1.2000630757308959
1.1797307062984626
1.1543931377416783
1.1208136595680753
1.0972324688090025
1.0722694398857293
1.0434745444379232
1.026952588456139
1.0079723611615186
0.9879349943226622
0.9791876146848523
0.960495702678719
0.9564181946406213
0.9482797953337998
0.9483136789293829
0.9435354884100178
0.9417563868207239
0.949017964457287
0.9484186658108269
0.9498069081324395
0.9580726249027598
0.962972958025181
