0.0
0.0
0.0
0.0
0.0
0.0
0.0
0.0
0.0
0.0
0.0
0.0
0.0
0.0
0.0
0.0
0.0
0.0
0.0
0.0
4.544578981803078e-5
0.0005922044394117036
0.0036845351763694096
0.013522046047753242
0.040769119616509496
0.09333173840799928
0.18437270103826087
0.2989187635967001
0.4367732847611967
0.5858511286418586
0.7390058880826189
0.8734827479913291
0.9899806624444243
1.0901925693307777
1.164764135338927
1.221708830210888
1.2501496836724482
1.2689659869387893
1.2789303607134863
1.2653646774980567
1.245810848308876
1.225965744364665
1.2000983211162173
1.1714543969311788
1.152187753755595
1.1215393799703395
1.0961519302197602
1.0723399794726953
1.0499997448680571
1.0251026822101408
1.0102140416069105
0.9905345200592032
0.9780304391530386
0.9661874137364136
0.9573055293288131
0.9508736036750751
0.947224809336736
0.9461041107959183
0.9439496068123124
0.9441447504664215
0.9468011358926468
0.9517863247556249
0.9549972930359882
0.9636692177303434
