0.0
0.0
0.0
0.0
0.0
0.0
0.0
0.0
0.0
0.0
0.0
0.0
0.0
0.0
0.0
0.0
0.0
0.0
0.0
0.0
0.0
0.0007712429908617534
0.0035210575064281045
0.014432737981063136
0.04378119817298418
0.09907869429234792
0.18700167553433206
0.3047693519179625
0.4346806103478739
0.5819812997469153
0.7435363077473042
0.8870909166705092
0.9931087633850991
1.0926999067278502
1.1610147510883102
1.2153590499778704
1.2507900068062237
1.2719629098849747
1.2699324290345517
1.2665561081888521
1.2564493168109916
1.2167209422122984
1.2116376602704397
1.1613613367271745
1.1421445765361713
1.1203154955631311
1.0975210049990454
1.0748540103521613
1.0416287598284868
1.0279970579939075
1.013179650035781
0.9806860859899255
0.9781620938542628
0.9665810959783878
0.9603533310839067
0.9452622971837904
0.9462954810763451
0.9449988714784469
0.9416447725717881
0.9515966319343723
0.9424251087161511
0.9523215751690371
0.955663859402448
0.9648170200107359
