0.0
0.0
0.0
0.0
0.0
0.0
0.0
0.0
0.0
0.0
0.0
0.0
0.0
0.0
0.0
0.0
0.0
0.0
0.0
0.0
0.0
0.0003305327103693229
0.0037474112032699113
0.013256907889954159
0.042105464328184884
0.09704229425155658
0.17938671492502242
0.29688999843781627
0.44276914965330133
0.5971533699323833
0.7365695898943593
0.8842165840122005
1.0026316911043018
1.0876852319337051
1.173423554884931
1.217420076497418
1.2540298507218943
1.271537364934912
1.2676475127323115
1.2618556692991392
1.2426709282000792
1.2289487732878794
1.2065834720153528
1.1792260532882624
1.1486835722033633
1.1182367371227473
1.090749237273549
1.0658305863874786
1.0467655621579741
1.0251702349663148
1.0021459890462125
0.9847089900845171
0.9738244179086617
0.9636407122275976
0.9566839663829783
0.9387684758226056
0.9405280619152924
0.9411286083632595
0.9442081798223471
0.9481691980352618
0.9536121543438222
0.954085545084937
0.9608073397265238
0.9661969088595157
