0.0
0.0
0.0
0.0
0.0
0.0
0.0
0.0
0.0
0.0
0.0
0.0
0.0
0.0
0.0
0.0
0.0
0.0
0.0
0.0
0.0
0.000605976635677092
0.0029677484697036884
0.01387940617348244
0.04339938539821979
0.09919617891008588
0.18290410149217973
0.2994491046963253
0.4365616660002989
0.5812790245599312
0.7359810459500044
0.8833696824253774
0.998340346461218
1.089750098025412
1.1671335750294025
1.2233202700631813
1.2575755206119055
1.2695907231420724
1.2681113679214882
1.255980120686998
1.250503262909043
1.222738750250704
1.196792303973071
1.1728405105325288
1.1350590571406498
1.1160472755701536
1.0888649192977586
1.0661409605701289
1.0472473065281789
1.0270721048709084
1.0077776494969968
0.9918714875894463
0.9812109395668259
0.964419179937716
0.9539319428572819
0.9501977667606551
0.9476834906669719
0.9490886420538986
0.9508343457341693
0.9419149403746603
0.9505858080452917
0.954125941342553
0.9594774664868388
0.9586596212575991
