0.0
0.0
0.0
0.0
0.0
0.0
0.0
0.0
0.0
0.0
0.0
0.0
0.0
0.0
0.0
0.0
0.0
0.0
0.0
0.0
2.272289490901539e-5
0.0004889129674212901
0.003231827782685796
0.012784270304312315
0.04023882409600339
0.09331215763837629
0.179472836503342
0.29697838862108716
0.4395125720550406
0.5872849404819511
0.7387629426172166
0.8755069711022585
0.993310673561424
1.093857139372653
1.1669276530698467
1.2211228520827815
1.2576591449017642
1.2681669583889377
1.268768496106155
1.2657155783179486
1.2508661584964007
1.2258419135481498
1.2007979420148467
1.1763915855476377
1.1496239145006364
1.1215593680322662
1.095882531634159
1.0698710939288876
1.0464434971014889
1.024093288141924
1.0051740050598654
0.989980050580772
0.9740542362029041
0.9659305193920745
0.9563356768012604
0.9495529315395572
0.9454888002151259
0.9454446256631065
0.9458963453375011
0.9458404850765272
0.9495813741444864
0.9566204102503427
0.957871351195528
0.9629461180818981
