0.0
0.0
0.0
0.0
0.0
0.0
0.0
0.0
0.0
0.0
0.0
0.0
0.0
0.0
0.0
0.0
0.0
0.0
0.0
0.0
0.0
0.0007161542058001996
0.0030683501127444913
0.012449965670565645
0.03877520845940653
0.09571080191719301
0.1837018592702979
0.30412957535333524
0.4335833278839593
0.587102056318674
0.7414284992024053
0.8712564233653624
0.9912041778412586
1.094537864457831
1.1720329130801372
1.2205722347037846
1.2505797514488646
1.2653352736414465
1.261720474203944
1.260680559576711
1.2475535233754391
1.2268935513779573
1.2035312216465204
1.1805785233555988
1.1455908908701093
1.1305370829238357
1.0866743996509025
1.0704636264594014
1.0424839914070527
1.019516588911129
1.0072983592458662
0.994194978737158
0.9802408522946467
0.968226999136924
0.9616650432316687
0.9463122211976293
0.9466464720073081
0.9469474815643024
0.9468013508726222
0.9507047078976678
0.9489439282143649
0.9537354441855981
0.9629260103289631
0.9638760431756411
