0.0
0.0
0.0
0.0
0.0
0.0
0.0
0.0
0.0
0.0
0.0
0.0
0.0
0.0
0.0
0.0
0.0
0.0
0.0
0.0
6.0594386424041037e-5
0.00041316588796165365
0.0035210575064281045
0.014663292900888426
0.03992064678369973
0.09443805189169842
0.17777306851019253
0.29424671105238265
0.43654599053652865
0.5912132923091432
0.734667087376561
0.8818426932006509
0.9911680148246034
1.0912023115404585
1.162116567287493
1.2166118308034777
1.261006505761539
1.279658935577596
1.265663243311945
1.2610232999124191
1.2527078050867888
1.2292075242477618
1.1991748920207967
1.179636504403225
1.1545217315601086
1.125217183364865
1.0928102100595696
1.07112952016036
1.0487791453682684
1.0296546987031026
1.0069388915575181
0.9928988163200461
0.9776123777333613
0.9663364346980649
0.9526888169656121
0.9470479947191385
0.9399417475192517
0.9443865611945516
0.9401454211610839
0.9461875442279061
0.949083070572918
0.9515237490811206
0.9604585739504299
0.9675673247871369
