0.0
0.0
0.0
0.0
0.0
0.0
0.0
0.0
0.0
0.0
0.0
0.0
0.0
0.0
0.0
0.0
0.0
0.0
0.0
0.0
3.0297193212020518e-5
0.00047514077115590165
0.0035839335333286066
0.01359697639669646
0.041299415137015606
0.09658214616541623
0.18199755856250002
0.30072023971288736
0.44200105192856115
0.5898562918176271
0.7374626711122466
0.8775472340159687
0.9966708205256363
1.091639110136781
1.1605815126798937
1.2210874913336716
1.2482430498636685
1.2672140093252335
1.2669839421144617
1.2622147306032143
1.2469383474332336
1.2257920115773153
1.2032580699102797
1.1758818860073355
1.147940942901927
1.1216546957122246
1.0940600428419491
1.0706554941359487
1.0454285862092034
1.027090292151417
1.0084978330253882
0.9913710248783948
0.9781493903304604
0.9661918621233286
0.954671388430775
0.9485360759985951
0.9470124199381702
0.9448159485948933
0.9444016445205025
0.946597541567359
0.9494987583690955
0.9534248979551749
0.958797862147441
0.9663287403456405
