0.0
0.0
0.0
0.0
0.0
0.0
0.0
0.0
0.0
0.0
0.0
0.0
0.0
0.0
0.0
0.0
0.0
0.0
0.0
0.0
0.0
0.0002754439253077691
0.0027665451836220824
0.010789970247823558
0.03945398672565435
0.09097225566842855
0.1829403632093669
0.29695734333935603
0.44505776736375174
0.594241854053012
0.7377877389884892
0.8866802977193222
0.9942659799180655
1.1034099814013187
1.1771889850025263
1.2219260462411345
1.2415578852058171
1.2683412507355059
1.2794844099672251
1.2605663127981415
1.252599130472393
1.2242321129334535
1.1995273458740108
1.1781696463202431
1.153718020194918
1.1219391412088748
1.0937523690474646
1.068714244702646
1.0439238116595748
1.0169080132496373
0.9989607059189072
0.9872053028878436
0.9701981392959919
0.9598640317367944
0.9530488948100958
0.9449068111003646
0.939714401120787
0.9425111202621175
0.934114531243586
0.9465328051453401
0.946877664189851
0.9529881134197016
0.9611658839823212
0.9713343897679021
