0.0
0.0
0.0
0.0
0.0
0.0
0.0
0.0
0.0
0.0
0.0
0.0
0.0
0.0
0.0
0.0
0.0
0.0
0.0
0.0
6.0594386424041037e-5
0.0004820268692885959
0.003395305452627101
0.01367190674563968
0.04173425746383061
0.09487861920821578
0.18000316411720463
0.2987504013428508
0.43860731402231107
0.5908914161817755
0.7423934375297778
0.8779931405332733
0.9957125005842735
1.0935111041210208
1.168679326881654
1.2158136881807118
1.247755639717063
1.267254752990665
1.27174919519216
1.2599828381790192
1.2431211516025766
1.2249270440828517
1.201768952380451
1.1774227598651468
1.1537791022586725
1.1235873875462208
1.0942587795034584
1.068629597198287
1.0463460656558294
1.025167636783385
1.0030496508738649
0.9892695615521329
0.9765868569027719
0.9687163216975698
0.9558845078354045
0.9496046010284273
0.9466185522741634
0.9442479249038583
0.9469985360457421
0.9470453018196563
0.9506553792245683
0.9512830547128251
0.9595980677365161
0.9636802694716953
