0.0
0.0
0.0
0.0
0.0
0.0
0.0
0.0
0.0
0.0
0.0
0.0
0.0
0.0
0.0
0.0
0.0
0.0
0.0
0.0
0.00012118877284808207
0.0009915981311079687
0.0031186509342648926
0.015262735692434179
0.0414903215243978
0.09410517880810752
0.17895157431877617
0.3071600959226222
0.44113890142119966
0.5728517223161225
0.7377603648515424
0.8780572997443963
0.9980028249724362
1.0828293929927681
1.166898235647053
1.2183899713301463
1.2591811069771937
1.267888543341822
1.2778007874287323
1.2650382581307156
1.2518228832267078
1.2302647067409953
1.208240005125458
1.1761644916930476
1.1471725948368046
1.1229846706019673
1.0959664426690183
1.0601479172615027
1.0356421387785257
1.0265108973580777
1.0099743964813452
0.9871572968723951
0.9711035540833591
0.9614120703832013
0.9582871701191316
0.9473456109750298
0.9525654554340041
0.9429655392149454
0.9356176031292548
0.9443893102829373
0.9500640242007176
0.9522677134922158
0.9599207575667338
0.9648485964145981
