0.0
0.0
0.0
0.0
0.0
0.0
0.0
0.0
0.0
0.0
0.0
0.0
0.0
0.0
0.0
0.0
0.0
0.0
0.0
0.0
3.0297193212020518e-5
0.0007023820095348112
0.003256978193445997
0.014052322363351409
0.03939035126319362
0.09247997492939905
0.17859802257620108
0.2956777902101015
0.43819191423240056
0.5905988015205321
0.7344138766098036
0.8710896094164426
0.9973820265198552
1.0840887344003476
1.1673849602787307
1.2121614279512196
1.247879881519139
1.2687079437243896
1.2676947572423203
1.2665479477046684
1.2473633428002462
1.2292112206900458
1.2042502275070768
1.1798350012539038
1.1509854015532694
1.1252694598345194
1.09271599416078
1.0700573184384776
1.0492121740156435
1.0233099359885975
1.0080697169937793
0.991014580213689
0.9774299089369276
0.9680913233360177
0.9567718425235963
0.9503197067543885
0.9416767595075353
0.9451144017206913
0.9450713300141173
0.9480145499159944
0.9493613552900243
0.9491538353009804
0.9594823557266906
0.9634323947013766
