0.0
0.0
0.0
0.0
0.0
0.0
0.0
0.0
0.0
0.0
0.0
0.0
0.0
0.0
0.0
0.0
0.0
0.0
0.0
0.0
3.787149151502565e-5
0.0002961022197058518
0.00303062449660419
0.013268435635945423
0.040281247737643876
0.09586255288177122
0.18183891354980605
0.29610290490107094
0.4378039465040879
0.5892527740788127
0.7384139223711458
0.8737971281258317
0.9971258718185476
1.0910604938143798
1.165422015885041
1.2185743523790764
1.252476828195946
1.2678704350460748
1.2742832189108098
1.2638427471978286
1.2495407163243932
1.2287473171833998
1.2027135287070643
1.1749566888219685
1.1461952818167327
1.1240455754273113
1.0959016692386006
1.0696707615019043
1.0498346526962454
1.0253884823324158
1.0084316809855187
0.9906293319397141
0.9744699878909809
0.9654834565071209
0.9585636584640029
0.9492046791845733
0.9454499120153885
0.9440207154274443
0.9430836662643188
0.9437824063265103
0.9485282404181874
0.9510600337072367
0.9596836294339223
0.9622964335724326
