0.0
0.0
0.0
0.0
0.0
0.0
0.0
0.0
0.0
0.0
0.0
0.0
0.0
0.0
0.0
0.0
0.0
0.0
0.0
0.0
0.0
0.0003856214954308767
0.003294703809586298
0.014963014296661303
0.04238121799884806
0.09741432887439345
0.1788609200258082
0.2997353205278691
0.4436156246968926
0.5955732507616692
0.7429888250083694
0.870640494938582
0.9923252313575698
1.103046928022557
1.166566621062833
1.2127221484013906
1.252806546824532
1.2766982292229052
1.2727069702587006
1.2579467973752285
1.2425312036958558
1.2242616844717258
1.1982373647712479
1.171918677700563
1.1449736405416429
1.1225787591905314
1.0935992682119318
1.0659773087283677
1.0517832816094335
1.0276229196520204
1.0053512426006481
0.9920107050342473
0.9776955280709767
0.9625375122726868
0.9592087979353695
0.952090936832853
0.9419400027057575
0.9438435690560029
0.9424372337392324
0.9455509694113872
0.9506692934604236
0.9542673282442091
0.9609931308408916
0.9655180161764776
