0.0
0.0
0.0
0.0
0.0
0.0
0.0
0.0
0.0
0.0
0.0
0.0
0.0
0.0
0.0
0.0
0.0
0.0
0.0
0.0
6.0594386424041037e-5
0.0008263317759233073
0.003973764900111718
0.014893847820713716
0.04365392724806272
0.0948100865145353
0.1842457850281057
0.29827056891938036
0.4465312609581513
0.5918424138308164
0.739786050985601
0.8783652639577865
0.9962428914952165
1.093062960106612
1.1627263102326717
1.2291396390595508
1.246202617191115
1.2662769050203084
1.2618235531348723
1.2589505369298026
1.2429115648462417
1.219471095271619
1.197046070747385
1.178250390801875
1.1498602056420024
1.12041389832954
1.0878992063351662
1.0774611534864225
1.05706623110741
1.0240062490137767
1.0074081965950836
0.9867732487488063
0.9830956805527741
0.96870742492374
0.9635168721461559
0.9533392716839527
0.9432322874970308
0.9444905384125716
0.9486095017053822
0.9507766372554665
0.9452079558872135
0.9549002029468603
0.9616026560757471
0.9643560045143471
