0.0
0.0
0.0
0.0
0.0
0.0
0.0
0.0
0.0
0.0
0.0
0.0
0.0
0.0
0.0
0.0
0.0
0.0
0.0
0.0
6.0594386424041037e-5
0.00016526635518466145
0.0035210575064281045
0.014248294045202904
0.04250848892376952
0.09649403270211275
0.17528914088287012
0.2990113628363172
0.4391010911310726
0.5935395788660279
0.7332710063922773
0.8746696933971039
1.0082249043469727
1.0925410708746421
1.16991485863899
1.2117623566398366
1.2469098397567775
1.2789346037477023
1.2759281868502046
1.2613823612164945
1.244044885824942
1.2319650701916505
1.1917733611033052
1.1680631287026333
1.1546567550694609
1.122099045704289
1.0941763405920175
1.0632968044236621
1.0528442017955024
1.0280178434573457
1.0013371867474297
0.9914106298411399
0.9781990495598697
0.9702821538916367
0.9495681423134206
0.9529259157729926
0.9432003792305795
0.9444289222833745
0.9425451275132036
0.9403972309251065
0.9477820895204463
0.9532843526422191
0.960540061281293
0.966073760884453
