0.0
0.0
0.0
0.0
0.0
0.0
0.0
0.0
0.0
0.0
0.0
0.0
0.0
0.0
0.0
0.0
0.0
0.0
0.0
0.0
0.00012118877284808207
0.00016526635518466145
0.00369711038174951
0.013579684777709565
0.04397210456036638
0.09674858270721168
0.18857906023197477
0.30449997231180365
0.4397281096818809
0.5968753860042022
0.7409494518058374
0.8802772084492507
0.9908304933358215
1.089409735482823
1.1679679601122788
1.2254722242232972
1.2495284746620687
1.26756259401837
1.2685838130215754
1.265030097646532
1.2469946253585458
1.2223173558303244
1.2008596214391591
1.1688302012781377
1.150638198243507
1.1200079869181039
1.0925275623632011
1.0657741547179058
1.0427167443050167
1.021886131743082
1.0046073441900394
0.9902488842672841
0.9734410024629908
0.9670214862829691
0.9605419432881601
0.9499084176229831
0.9474042933355239
0.9469821406369757
0.9460981811043266
0.9430154595489811
0.9522833448196398
0.9536108890579487
0.9584800615570751
0.9656474794323128
