0.0
0.0
0.0
0.0
0.0
0.0
0.0
0.0
0.0
0.0
0.0
0.0
0.0
0.0
0.0
0.0
0.0
0.0
0.0
0.0
4.544578981803078e-5
0.0003580771029000998
0.003332429425726599
0.012530659892504497
0.03889187347391788
0.09302823647884288
0.18226045601210714
0.2986914745540036
0.43798029547150275
0.590057464397232
0.7322444762567746
0.8786283167233906
0.9929400026407081
1.0937550306098762
1.1632023376196974
1.2136415278782475
1.250422059930845
1.2671777927337389
1.2712896349584388
1.2671885457130756
1.2497658280256418
1.2349813670954213
1.2001265174244742
1.1797407993586664
1.151342249399414
1.123648889275226
1.094797576674661
1.0682035380930128
1.0459455141570075
1.02556775695457
1.004637299830735
0.9896176051641351
0.975087841094095
0.9664120572756193
0.9581349943634272
0.9523017483474426
0.9454419349487757
0.944398114218776
0.9428706690725998
0.9440494440673383
0.9522224700377728
0.9542454469380005
0.9584523558645817
0.9630171649905882
