0.0
0.0
0.0
0.0
0.0
0.0
0.0
0.0
0.0
0.0
0.0
0.0
0.0
0.0
0.0
0.0
0.0
0.0
0.0
0.0
0.0
0.0006610654207386458
0.003671959970989309
0.01613884438777028
0.04068427233322852
0.09504505575001122
0.18003942583439184
0.3018061762502152
0.4362795076524351
0.5770361119719025
0.7366106510997794
0.8677661622802733
0.9850805736876448
1.0978053448666858
1.167561464815493
1.2207338838425728
1.2703246409172289
1.276978907806989
1.2748630378972805
1.270717955122452
1.2442311851639065
1.2282981994458897
1.2156133397346924
1.1611325606958836
1.1546953332149898
1.1250880297339534
1.09657884601115
1.0639062664550478
1.0440861974023405
1.0224057683290366
1.0039333422743868
0.9799275909458377
0.9762219193099044
0.9679778894696861
0.951788622354403
0.9559764823958788
0.9501723354501647
0.9420412972769903
0.9477984381631154
0.9413898560627294
0.9428007930842446
0.9549540646236816
0.9625153141814133
0.9645012559721134
