0.0
0.0
0.0
0.0
0.0
0.0
0.0
0.0
0.0
0.0
0.0
0.0
0.0
0.0
0.0
0.0
0.0
0.0
0.0
0.0
7.5742983030051296e-6
0.0004820268692885959
0.0032129649746156456
0.013913989411456235
0.040822149168560105
0.09441847112207542
0.1807646601781356
0.2987588194555433
0.43556627405089066
0.5871313177847983
0.7405935880255298
0.8747338526082269
0.9943413195360972
1.0970366927913389
1.1676844831289939
1.216576470054368
1.2500230526049476
1.269095008545989
1.2736819251470624
1.2636305746090568
1.2493136640050304
1.2285033519926536
1.2007151153593414
1.1771603402998427
1.1485453338485505
1.1204969256636972
1.0929588945248467
1.0697878572162678
1.04415250491397
1.024014043562566
1.0059191516221702
0.9882086286107191
0.9766284320715796
0.9633326614337364
0.9572037216049264
0.9499590537220757
0.9486487157271204
0.9449776909340354
0.9450806312015286
0.9458189062691875
0.9524155300602652
0.9535124231800096
0.9594888747131596
0.963769472812606
