0.04375
0.13124999999999998
0.21875
0.30624999999999997
0.39375
0.48124999999999996
0.56875
0.65625
0.7437499999999999
0.8312499999999999
0.91875
1.0062499999999999
1.09375
1.18125
1.2687499999999998
1.35625
1.4437499999999999
1.53125
1.61875
1.7062499999999998
1.79375
1.8812499999999999
1.9687499999999998
2.05625
2.14375
2.2312499999999997
2.3187499999999996
2.40625
2.49375
2.58125
2.6687499999999997
2.7562499999999996
2.84375
2.93125
3.01875
3.1062499999999997
3.1937499999999996
3.28125
3.36875
3.45625
3.5437499999999997
3.6312499999999996
3.7187499999999996
3.80625
3.89375
3.9812499999999997
4.06875
4.15625
4.2437499999999995
4.33125
4.418749999999999
4.50625
4.59375
4.6812499999999995
4.76875
4.856249999999999
4.94375
5.03125
5.1187499999999995
5.20625
5.293749999999999
5.38125
5.46875
5.5562499999999995
