0.0
0.0
0.0
0.0
0.0
0.0
0.0
0.0
0.0
0.0
0.0
0.0
0.0
0.0
0.0
0.0
0.0
0.0
0.0
0.0
0.0001817831592721231
0.0005508878506155382
0.0031941021665454947
0.014133016585290259
0.041299415137015606
0.09398769419036956
0.18602260917027796
0.3019408660532946
0.4323919926374235
0.5867655494582441
0.7319296736818871
0.874823675503799
0.9957245549231586
1.0865733809612474
1.1703748401590373
1.2072462838249458
1.251134061027357
1.2745705044725923
1.2828774247769426
1.2606071152190592
1.2449608575748505
1.23013163481877
1.1993722661785966
1.180901501282127
1.152824293156826
1.1226587114382385
1.0991521177468386
1.0630823640792857
1.0428033500344918
1.0253417150396797
1.008786156067084
0.986888463185883
0.9768455468420196
0.9656691766608205
0.9585743750665173
0.9473497445341394
0.9458367997461092
0.9469012694674047
0.94615026775383
0.9450330780352362
0.950196209441343
0.9509279042812843
0.9592590804401259
0.9628813864539806
