0.0
0.0
0.0
0.0
0.0
0.0
0.0
0.0
0.0
0.0
0.0
0.0
0.0
0.0
0.0
0.0
0.0
0.0
0.0
6.696854936148127e-5
4.544578981803078e-5
0.0004269380842270421
0.0032444029880658964
0.01390246166546497
0.03933732171114301
0.09476113459047782
0.18383784070974984
0.2953579019277879
0.4348452027174611
0.5872995712150133
0.7394849354791869
0.8701015575651491
0.9974061351976253
1.09291546967149
1.1631702458857405
1.21898100099384
1.2527492044543431
1.2727325124542368
1.2724406830204695
1.261235472501191
1.2504566880743018
1.2278915907946462
1.202075587232747
1.1777221873178656
1.1491400802587917
1.1247036439276694
1.0907963452229437
1.0708106812272737
1.0486438239159637
1.0257574243084435
1.0079074572733446
0.9893271687706712
0.9752148763321185
0.9620659832597008
0.9562488723208938
0.9495632654373313
0.9431086429645325
0.9444289222833745
0.9456591650585126
0.9461174131040523
0.9508362642906873
0.953011677903311
0.9554650303151422
0.9625151001691786
