0.0
0.0
0.0
0.0
0.0
0.0
0.0
0.0
0.0
0.0
0.0
0.0
0.0
0.0
0.0
0.0
0.0
0.0
0.0
0.0
3.0297193212020518e-5
0.0004889129674212901
0.003231827782685796
0.01364308738066152
0.040323671379284366
0.09378209610932814
0.1807827910367292
0.2978538723411034
0.43969283988839797
0.5875629244101324
0.7393035818219147
0.8784165913266848
0.9976411948058842
1.0969062204833464
1.169091170800766
1.2162506460089983
1.2479539487472997
1.269977787963672
1.2728100491896286
1.2640365586971873
1.2460883566992083
1.2255905554728355
1.203977075770836
1.1784303837088466
1.1451375976601417
1.1229400818484385
1.0978124854359252
1.0681372308812649
1.044636955713221
1.0228669457990711
1.00707618824404
0.990388101712085
0.9746755540034189
0.9647272307315772
0.9565510805117997
0.9514047660206589
0.9475987343342108
0.9441670537342872
0.9426799947306678
0.9467117294228645
0.9497031237082204
0.9535881661630397
0.9606199188655388
0.9637244764371024
