0.0
0.0
0.0
0.0
0.0
0.0
0.0
0.0
0.0
0.0
0.0
0.0
0.0
0.0
0.0
0.0
0.0
0.0
0.0
0.0
0.0001817831592721231
0.0002754439253077691
0.0030180492912240896
0.01415607207727279
0.043187267190017344
0.1003710250874655
0.1833029803812388
0.2969236708885862
0.4385367744353451
0.5956756658931044
0.7463010955789247
0.8725909349567199
1.006657840291914
1.098985268347661
1.1627263102326717
1.2170361597927963
1.242016624167328
1.266150146950077
1.2666510830666728
1.2477380316616333
1.241421170134526
1.225533260617433
1.205223000141947
1.1780889018386111
1.1533836762669987
1.121828438096665
1.100606575684402
1.0678000516555677
1.0554748508283063
1.0269681775537176
0.9984914008813418
0.9894999904262861
0.9798435784593734
0.9651754057132597
0.9588530067318917
0.947676295703798
0.9502999685159694
0.9482799303581878
0.9431850492071022
0.9511147052371206
0.9503423089178238
0.9478847195408768
0.9608529726318071
0.9571376385914392
