0.0
0.0
0.0
0.0
0.0
0.0
0.0
0.0
0.0
0.0
0.0
0.0
0.0
0.0
0.0
0.0
0.0
0.0
0.0
0.0
6.0594386424041037e-5
0.0005508878506155382
0.004476773115315733
0.01189663386298495
0.03746007556855139
0.09273452493449798
0.17877026573284022
0.29618287697164936
0.4362795076524351
0.5898818956004859
0.7369938890170337
0.8882714461551716
1.0045603853259124
1.086210327582486
1.1720543075694418
1.2168543045116598
1.2431061292009162
1.2758199768791592
1.275412792195564
1.260713201513445
1.240427573660049
1.2331775032608132
1.2049551352135046
1.178681028037246
1.1503874402975676
1.1194298706654529
1.0882525159556269
1.0719647088700366
1.0430036257839028
1.0255443733082021
1.0030047174128214
0.991986702026523
0.971011164819342
0.9656469347262457
0.9598475074452274
0.9531987306742262
0.9426020992346198
0.9434892763131201
0.9437356795018522
0.9505320774389507
0.9509545352954575
0.9517088985951941
0.9515634169134194
0.9642612753027604
